salida: 1301;405;1575;581     anotación: 1303;404;1576;583   IoU=0,973
salida: 1148;459;1251;514     anotación: 1145;457;1251;517   IoU=0,891
salida: 1251;463;1396;519     anotación: 1255;462;1396;522   IoU=0,909
salida: 1145;512;1395;635     anotación: 1145;508;1396;630   IoU=0,926
salida: 1224;494;1424;611     anotación: 1223;501;1426;607   IoU=0,894
salida: 1321;458;1423;509     anotación: 1324;462;1424;505   IoU=0,812
salida: 1231;451;1322;501     anotación: 1233;448;1319;501   IoU=0,894
salida: 967;165;1091;221      anotación: 970;165;1088;222    IoU=0,936
salida: 850;220;1092;368      anotación: 852;223;1089;366    IoU=0,946
salida: 850;167;967;222       anotación: 850;165;967;220     IoU=0,930
salida: 1296;367;1707;561     anotación: 1295;359;1707;562   IoU=0,953
salida: 1491;292;1709;372     anotación: 1492;290;1710;372   IoU=0,967
salida: 1300;282;1486;364     anotación: 1302;278;1486;366   IoU=0,922
salida: 1267;336;1545;504     anotación: 1267;332;1542;507   IoU=0,950
salida: 1390;278;1540;340     anotación: 1394;277;1539;344   IoU=0,897
salida: 1272;274;1388;335     anotación: 1274;268;1387;337   IoU=0,864
salida: 1269;374;1526;550     anotación: 1267;371;1525;550   IoU=0,972
salida: 1334;218;1661;379     anotación: 1338;219;1659;380   IoU=0,970
salida: 1329;369;1659;544     anotación: 1338;376;1657;540   IoU=0,906
salida: 641;127;1089;363      anotación: 642;127;1090;365    IoU=0,987
salida: 647;35;853;125        anotación: 648;23;854;125      IoU=0,874
salida: 858;41;1090;133       anotación: 856;41;1091;127     IoU=0,924
salida: 1098;539;1194;585     anotación: 1101;543;1192;582   IoU=0,804
salida: 1193;535;1314;582     anotación: 1199;538;1314;579   IoU=0,829
salida: 1100;578;1319;680     anotación: 1103;586;1319;677   IoU=0,880
salida: 745;348;1005;495      anotación: 745;349;1004;498    IoU=0,970
salida: 756;293;876;356       anotación: 750;295;874;359     IoU=0,867
salida: 874;307;1010;371      anotación: 876;307;1012;365    IoU=0,881
salida: 1120;454;1470;701     anotación: 1121;452;1466;703   IoU=0,970
salida: 1290;401;1473;487     anotación: 1293;398;1475;489   IoU=0,920
salida: 1140;381;1290;465     anotación: 1137;380;1290;464   IoU=0,958
salida: 830;160;1010;231      anotación: 829;156;1006;235    IoU=0,876
salida: 578;155;795;407       anotación: 582;153;795;405     IoU=0,966
salida: 830;231;1012;410      anotación: 831;228;1010;408    IoU=0,957
salida: 619;157;951;434       anotación: 622;153;952;435     IoU=0,971
salida: 738;385;914;552       anotación: 738;386;917;549     IoU=0,960
salida: 1213;376;1575;532     anotación: 1212;373;1576;536   IoU=0,952
salida: 1390;306;1572;381     anotación: 1386;304;1573;380   IoU=0,936
salida: 1213;299;1386;375     anotación: 1212;294;1385;378   IoU=0,895
salida: 1195;348;1548;539     anotación: 1197;326;1549;537   IoU=0,880
salida: 512;80;801;348        anotación: 512;72;802;350      IoU=0,961
salida: 1236;342;1617;531     anotación: 1236;338;1617;530   IoU=0,974
salida: 1246;267;1418;343     anotación: 1245;258;1420;346   IoU=0,849
salida: 1426;278;1619;351     anotación: 1422;270;1623;358   IoU=0,797