00001.png;1303;404;1576;583
00002.png;1145;457;1251;517
00002.png;1255;462;1396;522
00002.png;1145;508;1396;630
00003.png;1223;501;1426;607
00003.png;1324;462;1424;505
00003.png;1233;448;1319;501
00004.png;970;165;1088;222
00004.png;852;223;1089;366
00004.png;850;165;967;220
00005.png;1295;359;1707;562
00005.png;1492;290;1710;372
00005.png;1302;278;1486;366
00006.png;1267;332;1542;507
00006.png;1394;277;1539;344
00006.png;1274;268;1387;337
00007.png;1267;371;1525;550
00008.png;1338;219;1659;380
00008.png;1338;376;1657;540
00009.png;642;127;1090;365
00009.png;648;23;854;125
00009.png;856;41;1091;127
00010.png;1101;543;1192;582
00010.png;1199;538;1314;579
00010.png;1103;586;1319;677
00011.png;745;349;1004;498
00011.png;750;295;874;359
00011.png;876;307;1012;365
00012.png;1121;452;1466;703
00012.png;1293;398;1475;489
00012.png;1137;380;1290;464
00013.png;829;156;1006;235
00013.png;582;153;795;405
00013.png;831;228;1010;408
00014.png;622;153;952;435
00015.png;738;386;917;549
00016.png;1212;373;1576;536
00016.png;1386;304;1573;380
00016.png;1212;294;1385;378
00017.png;1197;326;1549;537
00018.png;512;72;802;350
00019.png;1236;338;1617;530
00019.png;1245;258;1420;346
00019.png;1422;270;1623;358